function [f,G] = snoptUserFun(var)
%SNOPTUSERFUN
%
% Auto-generated by COALESCE package (09-Jan-2019 14:20:52)
%
% Copyright 2013-2014 Mikhail S. Jones

	f(206,1) = 0; % Pre-allocation
	f(1) = -(var(303));
	f(2:101) = ((var(204:1:303)-var(203:1:302))-((var(2:1:101)-var(1:1:100)).*var(103:1:202)));
	f(102:201) = (((var(2:1:101)-var(1:1:100)).^2.0)+((var(103:1:202)-var(102:1:201)).^2.0));
	f(202) = var(1);
	f(203) = var(102);
	f(204) = var(101);
	f(205) = var(202);
	f(206) = var(203);
	G(906,1) = 0; % Pre-allocation
	G(1) = -1.0;
	G(2:101) = 1.0;
	G(102:201) = -1.0;
	G(202:301) = -(var(103:1:202));
	G(302:401) = -(-(var(103:1:202)));
	G(402:501) = -((var(2:1:101)-var(1:1:100)));
	G(502:601) = (2.0.*(var(2:1:101)-var(1:1:100)));
	G(602:701) = (-2.0.*(var(2:1:101)-var(1:1:100)));
	G(702:801) = (2.0.*(var(103:1:202)-var(102:1:201)));
	G(802:901) = (-2.0.*(var(103:1:202)-var(102:1:201)));
	G(902) = 1.0;
	G(903) = 1.0;
	G(904) = 1.0;
	G(905) = 1.0;
	G(906) = 1.0;
end % snoptUserFun