function [J] = ipoptJacobian(var)
%IPOPTJACOBIAN
%
% Auto-generated by COALESCE package (21-Feb-2019 12:41:12)
%
% Copyright 2013-2014 Mikhail S. Jones

	iJ = [1:1:200,1:1:200,1:1:200,1:1:200,1:1:200,1:1:200,1:1:200,201:1:400,201:1:400,201:1:400,201:1:400,201:1:400,201:1:400,201:1:400,401:1:600,401:1:600,401:1:600,401:1:600,401:1:600,401:1:600,401:1:600,401:1:600,401:1:600,401:1:600,401:1:600,401:1:600,401:1:600,401:1:600,401:1:600,401:1:600,401:1:600,601:1:800,601:1:800,601:1:800,601:1:800,601:1:800,601:1:800,601:1:800,601:1:800,601:1:800,601:1:800,601:1:800,601:1:800,601:1:800,601:1:800,601:1:800,601:1:800,601:1:800,801:1:1000,801:1:1000,801:1:1000,801:1:1000,801:1:1000,801:1:1000,801:1:1000,801:1:1000,801:1:1000,801:1:1000,801:1:1000,801:1:1000,801:1:1000,1001:1:1200,1001:1:1200,1001:1:1200,1001:1:1200,1001:1:1200,1001:1:1200,1001:1:1200,1001:1:1200,1001:1:1200,1001:1:1200,1001:1:1200,1001:1:1200,1201:1:1400,1201:1:1400,1201:1:1400,1201:1:1400,1201:1:1400,1201:1:1400,1201:1:1400,1201:1:1400,1201:1:1400,1201:1:1400,1201:1:1400,1201:1:1400,1401:1:1600,1401:1:1600,1401:1:1600,1401:1:1600,1401:1:1600,1401:1:1600,1401:1:1600,1601:1:1800,1601:1:1800,1601:1:1800,1601:1:1800,1601:1:1800,1601:1:1800,1601:1:1800,1801:1:2000,1801:1:2000,1801:1:2000,1801:1:2000,1801:1:2000,1801:1:2000,1801:1:2000,1801:1:2000,1801:1:2000,1801:1:2000,2001:1:2200,2001:1:2200,2001:1:2200,2001:1:2200,2001:1:2200,2001:1:2200,2001:1:2200,2001:1:2200,2001:1:2200,2001:1:2200,2201:1:2400,2201:1:2400,2201:1:2400,2201:1:2400,2201:1:2400,2201:1:2400,2201:1:2400,2401:1:2600,2401:1:2600,2401:1:2600,2401:1:2600,2401:1:2600,2401:1:2600,2401:1:2600,2601:1:2799,2601:1:2799,2601:1:2799,2601:1:2799,2601:1:2799,2800:1:2998,2800:1:2998,2800:1:2998,2800:1:2998,2800:1:2998,2999:1:3197,2999:1:3197,2999:1:3197,2999:1:3197,2999:1:3197,3198:1:3396,3198:1:3396,3198:1:3396,3198:1:3396,3198:1:3396,3397:1:3595,3397:1:3595,3397:1:3595,3397:1:3595,3397:1:3595,3596:1:3794,3596:1:3794,3596:1:3794,3596:1:3794,3596:1:3794,3795:1:3993,3795:1:3993,3795:1:3993,3795:1:3993,3795:1:3993,3994:1:4192,3994:1:4192,3994:1:4192,3994:1:4192,3994:1:4192,4193:1:4391,4193:1:4391,4193:1:4391,4193:1:4391,4193:1:4391,4392:1:4590,4392:1:4590,4392:1:4590,4392:1:4590,4392:1:4590,4591:1:4789,4591:1:4789,4591:1:4789,4591:1:4789,4591:1:4789,4790:1:4988,4790:1:4988,4790:1:4988,4790:1:4988,4790:1:4988,4989:1:5187,4989:1:5187,4989:1:5187,4989:1:5187,4989:1:5187,5188:1:5386,5188:1:5386,5188:1:5386,5188:1:5386,5188:1:5386,5387:1:5585,5387:1:5585,5387:1:5585,5387:1:5585,5387:1:5585,5586:1:5784,5586:1:5784,5586:1:5784,5586:1:5784,5586:1:5784,5785:1:5983,5785:1:5983,5785:1:5983,5785:1:5983,5785:1:5983,5984:1:6182,5984:1:6182,5984:1:6182,5984:1:6182,5984:1:6182,6183:1:6381,6183:1:6381,6183:1:6381,6183:1:6381,6183:1:6381,6382:1:6580,6382:1:6580,6382:1:6580,6382:1:6580,6382:1:6580,6581:1:6779,6581:1:6779,6581:1:6779,6581:1:6779,6581:1:6779,6780:1:6978,6780:1:6978,6780:1:6978,6780:1:6978,6780:1:6978,6979,6979,6979,6980:1:7179,7180:1:7379,7180:1:7379,7380:1:7579,7380:1:7579,7580:1:7779,7580:1:7779,7780:1:7979,7780:1:7979,7980:1:8179,7980:1:8179,8180:1:8379,8180:1:8379,8380,8380,8380,8380,8380,8380,8380,8380,8380,8380,8380,8380,8380,8380,8380,8380,8380,8380,8381,8381,8381,8381,8381,8381,8381,8381,8381,8381,8381,8381,8381,8381,8381,8381,8381,8381,8382,8382,8382,8382,8382,8382,8382,8383,8383,8383,8383,8383,8383,8383,8383,8383,8383,8384,8384,8384,8384,8384,8384,8384,8384,8384,8384,8385,8385,8386,8386,8387,8387,8387,8387,8387,8387,8387,8387,8387,8387,8387,8387,8388,8388,8388,8388,8388,8388,8388,8388,8388,8388,8388,8388,8389,8389,8390,8390,8391,8391,8391,8391,8391,8392,8392,8392,8392,8392,8393,8393,8394,8394,8395,8395,8396,8396,8397,8397,8398,8398,8399,8399,8400,8400,8401,8401,8402,8402,8403,8403,8404,8404,8405,8405,8406,8406,8407,8407,8408,8408,8409,8409,8410,8410,8411,8411,8412,8412,8413,8413,8414,8415,8415,8416,8416,8417,8417,8417,8417,8417,8418,8418,8418,8419,8419,8419,8420:1:8619,8420:1:8619,8420:1:8619,8620:1:8819,8820:1:9019,8820:1:9019,9020:1:9219,9020:1:9219]';
