function [J] = ipoptJacobian(var)
%IPOPTJACOBIAN
%
% Auto-generated by COALESCE package (27-Mar-2019 16:27:39)
%
% Copyright 2013-2014 Mikhail S. Jones

	iJ = [1:1:90,1:1:90,1:1:90,1:1:90,1:1:90,91:1:180,91:1:180,91:1:180,91:1:180,91:1:180,181:1:270,181:1:270,181:1:270,181:1:270,181:1:270,271:1:360,271:1:360,271:1:360,271:1:360,271:1:360,361:1:450,361:1:450,361:1:450,361:1:450,361:1:450,361:1:450,361:1:450,361:1:450,361:1:450,361:1:450,361:1:450,361:1:450,361:1:450,361:1:450,361:1:450,361:1:450,361:1:450,451:1:540,451:1:540,451:1:540,451:1:540,451:1:540,541:1:630,541:1:630,541:1:630,541:1:630,541:1:630,541:1:630,541:1:630,541:1:630,541:1:630,541:1:630,541:1:630,541:1:630,541:1:630,631:1:720,631:1:720,631:1:720,631:1:720,631:1:720,721:1:810,721:1:810,721:1:810,721:1:810,721:1:810,721:1:810,721:1:810,721:1:810,721:1:810,811:1:901,811:1:901,902:1:992,902:1:992,993:1:1083,993:1:1083,1084:1:1174,1084:1:1174,1084:1:1174,1175:1:1265,1266:1:1356,1357:1:1447,1448:1:1538,1539:1:1629,1630:1:1720,1630:1:1720,1630:1:1720,1721:1:1811,1721:1:1811,1721:1:1811,1812:1:1902,1903:1:1993,1994:1:2084,2085:1:2175,2085:1:2175,2176:1:2266,2176:1:2266,2267:1:2357,2267:1:2357,2267:1:2357,2267:1:2357,2358:1:2448,2449:1:2539,2449:1:2539,2540:1:2630,2631,2632,2633,2634,2635,2635,2636,2637]';
	jJ = [3:1:92,2:1:91,1+zeros(1,90),93:1:182,94:1:183,185:1:274,184:1:273,1+zeros(1,90),275:1:364,276:1:365,549:1:638,548:1:637,1+zeros(1,90),639:1:728,640:1:729,367:1:456,366:1:455,1+zeros(1,90),457:1:546,458:1:547,458:1:547,457:1:546,1+zeros(1,90),548:1:637,366:1:455,1094:1:1183,1185:1:1274,93:1:182,184:1:273,275:1:364,549:1:638,367:1:456,1095:1:1184,1186:1:1275,94:1:183,185:1:274,276:1:365,731:1:820,730:1:819,1+zeros(1,90),821:1:910,822:1:911,822:1:911,821:1:910,1+zeros(1,90),1094:1:1183,1185:1:1274,93:1:182,184:1:273,275:1:364,1095:1:1184,1186:1:1275,94:1:183,185:1:274,276:1:365,913:1:1002,912:1:1001,1+zeros(1,90),1003:1:1092,1004:1:1093,1004:1:1093,1003:1:1092,1+zeros(1,90),1549:1:1638,548:1:637,366:1:455,1550:1:1639,549:1:638,367:1:456,1185:1:1275,93:1:183,1367:1:1457,93:1:183,1458:1:1548,93:1:183,1276:1:1366,1367:1:1457,1458:1:1548,366:1:456,184:1:274,548:1:638,2:1:92,730:1:820,184:1:274,366:1:456,730:1:820,2:1:92,366:1:456,730:1:820,1094:1:1184,93:1:183,275:1:365,912:1:1002,1640:1:1730,1731:1:1821,912:1:1002,1549:1:1639,1731:1:1821,548:1:638,366:1:456,1549:1:1639,548:1:638,366:1:456,912:1:1002,912,1003,1549,1093,1002,1093,1639,1]';
	sJ(9403,1) = 0; % Pre-allocation
	sJ(1:90) = 1.0;
	sJ(91:180) = -1.0;
	sJ(181:270) = -((((var(93:1:182)+var(94:1:183)).*0.011111111111111112)./2.0));
	sJ(271:360) = -(((var(1)./90.0)./2.0));
	sJ(361:450) = -(((var(1)./90.0)./2.0));
	sJ(451:540) = 1.0;
	sJ(541:630) = -1.0;
	sJ(631:720) = -((((var(275:1:364)+var(276:1:365)).*0.011111111111111112)./2.0));
	sJ(721:810) = -(((var(1)./90.0)./2.0));
	sJ(811:900) = -(((var(1)./90.0)./2.0));
	sJ(901:990) = 1.0;
	sJ(991:1080) = -1.0;
	sJ(1081:1170) = -((((var(639:1:728)+var(640:1:729)).*0.011111111111111112)./2.0));
	sJ(1171:1260) = -(((var(1)./90.0)./2.0));
	sJ(1261:1350) = -(((var(1)./90.0)./2.0));
	sJ(1351:1440) = 1.0;
	sJ(1441:1530) = -1.0;
	sJ(1531:1620) = -((((var(457:1:546)+var(458:1:547)).*0.011111111111111112)./2.0));
	sJ(1621:1710) = -(((var(1)./90.0)./2.0));
	sJ(1711:1800) = -(((var(1)./90.0)./2.0));
	sJ(1801:1890) = 1.0;
	sJ(1891:1980) = -1.0;
	sJ(1981:2070) = -(((((((2369.6999999999998.*(var(548:1:637)-var(366:1:455)))-((((101.40000000000001.*var(1094:1:1183))+(var(1185:1:1274).*var(93:1:182)))+(3754.5.*var(184:1:273)))+(0.3145.*var(275:1:364))))./0.008)+(((2369.6999999999998.*(var(549:1:638)-var(367:1:456)))-((((101.40000000000001.*var(1095:1:1184))+(var(1186:1:1275).*var(94:1:183)))+(3754.5.*var(185:1:274)))+(0.3145.*var(276:1:365))))./0.008)).*0.011111111111111112)./2.0));
	sJ(2071:2160) = -((((var(1)./90.0).*296212.5)./2.0));
	sJ(2161:2250) = -((((var(1)./90.0).*-296212.5)./2.0));
	sJ(2251:2340) = -((((var(1)./90.0).*-12675.0)./2.0));
	sJ(2341:2430) = -((((var(1)./90.0).*(-(var(93:1:182))./0.008))./2.0));
	sJ(2431:2520) = -((((var(1)./90.0).*(-(var(1185:1:1274))./0.008))./2.0));
	sJ(2521:2610) = -((((var(1)./90.0).*-469312.5)./2.0));
	sJ(2611:2700) = -((((var(1)./90.0).*-39.3125)./2.0));
	sJ(2701:2790) = -((((var(1)./90.0).*296212.5)./2.0));
	sJ(2791:2880) = -((((var(1)./90.0).*-296212.5)./2.0));
	sJ(2881:2970) = -((((var(1)./90.0).*-12675.0)./2.0));
	sJ(2971:3060) = -((((var(1)./90.0).*(-(var(94:1:183))./0.008))./2.0));
	sJ(3061:3150) = -((((var(1)./90.0).*(-(var(1186:1:1275))./0.008))./2.0));
	sJ(3151:3240) = -((((var(1)./90.0).*-469312.5)./2.0));
	sJ(3241:3330) = -((((var(1)./90.0).*-39.3125)./2.0));
	sJ(3331:3420) = 1.0;
	sJ(3421:3510) = -1.0;
	sJ(3511:3600) = -((((var(821:1:910)+var(822:1:911)).*0.011111111111111112)./2.0));
	sJ(3601:3690) = -(((var(1)./90.0)./2.0));
	sJ(3691:3780) = -(((var(1)./90.0)./2.0));
	sJ(3781:3870) = 1.0;
	sJ(3871:3960) = -1.0;
	sJ(3961:4050) = -((((((((0.008999999999999999.*(101.40000000000001.*var(1094:1:1183)))+((0.008999999999999999.*var(1185:1:1274)).*var(93:1:182)))-((33.790499999999994.*var(184:1:273))+(0.0028304999999999997.*var(275:1:364))))./0.00000032399999999999999)+((((0.008999999999999999.*(101.40000000000001.*var(1095:1:1184)))+((0.008999999999999999.*var(1186:1:1275)).*var(94:1:183)))-((33.790499999999994.*var(185:1:274))+(0.0028304999999999997.*var(276:1:365))))./0.00000032399999999999999)).*0.011111111111111112)./2.0));
	sJ(4051:4140) = -((((var(1)./90.0).*2816666.6666666665)./2.0));
	sJ(4141:4230) = -((((var(1)./90.0).*((var(93:1:182).*0.008999999999999999)./0.00000032399999999999999))./2.0));
	sJ(4231:4320) = -((((var(1)./90.0).*((0.008999999999999999.*var(1185:1:1274))./0.00000032399999999999999))./2.0));
	sJ(4321:4410) = -((((var(1)./90.0).*-104291666.66666666)./2.0));
	sJ(4411:4500) = -((((var(1)./90.0).*-8736.111111111111)./2.0));
	sJ(4501:4590) = -((((var(1)./90.0).*2816666.6666666665)./2.0));
	sJ(4591:4680) = -((((var(1)./90.0).*((var(94:1:183).*0.008999999999999999)./0.00000032399999999999999))./2.0));
	sJ(4681:4770) = -((((var(1)./90.0).*((0.008999999999999999.*var(1186:1:1275))./0.00000032399999999999999))./2.0));
	sJ(4771:4860) = -((((var(1)./90.0).*-104291666.66666666)./2.0));
	sJ(4861:4950) = -((((var(1)./90.0).*-8736.111111111111)./2.0));
	sJ(4951:5040) = 1.0;
	sJ(5041:5130) = -1.0;
	sJ(5131:5220) = -((((var(1003:1:1092)+var(1004:1:1093)).*0.011111111111111112)./2.0));
	sJ(5221:5310) = -(((var(1)./90.0)./2.0));
	sJ(5311:5400) = -(((var(1)./90.0)./2.0));
	sJ(5401:5490) = 1.0;
	sJ(5491:5580) = -1.0;
	sJ(5581:5670) = -(((((((var(1549:1:1638)-(2369.6999999999998.*(var(548:1:637)-var(366:1:455))))-12.262500000000001)./1.25)+(((var(1550:1:1639)-(2369.6999999999998.*(var(549:1:638)-var(367:1:456))))-12.262500000000001)./1.25)).*0.011111111111111112)./2.0));
	sJ(5671:5760) = -((((var(1)./90.0).*0.8)./2.0));
	sJ(5761:5850) = -((((var(1)./90.0).*-1895.7599999999998)./2.0));
	sJ(5851:5940) = -((((var(1)./90.0).*1895.7599999999998)./2.0));
	sJ(5941:6030) = -((((var(1)./90.0).*0.8)./2.0));
	sJ(6031:6120) = -((((var(1)./90.0).*-1895.7599999999998)./2.0));
	sJ(6121:6210) = -((((var(1)./90.0).*1895.7599999999998)./2.0));
	sJ(6211:6301) = 1.0;
	sJ(6302:6392) = -(-((((exp((100.0.*var(93:1:183))).*100.0).*30.6724)./((1.0+exp((100.0.*var(93:1:183)))).^2.0))));
	sJ(6393:6483) = 1.0;
	sJ(6484:6574) = -(((((0.11.*(-0.1111111111111111+((0.5.*(0.22222222222222221.*((var(93:1:183)./9.0)--0.08))).*(((((var(93:1:183)./9.0)--0.08).^2.0)+0.0121).^-0.5)))).*(((((var(93:1:183)./9.0)--0.08).^2.0)+0.0121).^0.5))-(((0.5.*(0.22222222222222221.*((var(93:1:183)./9.0)--0.08))).*(((((var(93:1:183)./9.0)--0.08).^2.0)+0.0121).^-0.5)).*(0.11.*(-(((var(93:1:183)./9.0)--0.08))+(((((var(93:1:183)./9.0)--0.08).^2.0)+0.0121).^0.5)))))./((((((var(93:1:183)./9.0)--0.08).^2.0)+0.0121).^0.5).^2.0)));
	sJ(6575:6665) = 1.0;
