function [J] = ipoptJacobianStructure(var)
%IPOPTJACOBIANSTRUCTURE
%
% Auto-generated by COALESCE package (09-Jan-2019 14:49:55)
%
% Copyright 2013-2014 Mikhail S. Jones

	iJ = [1:1:200,1:1:200,1:1:200,1:1:200,1:1:200,1:1:200,1:1:200,1:1:200,1:1:200,1:1:200,1:1:200,1:1:200,1:1:200,1:1:200,1:1:200,1:1:200,1:1:200,1:1:200,1:1:200,1:1:200,1:1:200,1:1:200,1:1:200,1:1:200,1:1:200,1:1:200,1:1:200,1:1:200,1:1:200,1:1:200,1:1:200,1:1:200,1:1:200,1:1:200,1:1:200,1:1:200,1:1:200,1:1:200,1:1:200,1:1:200,1:1:200,1:1:200,1:1:200,1:1:200,1:1:200,1:1:200,1:1:200,1:1:200,201:1:400,201:1:400,201:1:400,201:1:400,201:1:400,201:1:400,201:1:400,201:1:400,201:1:400,201:1:400,201:1:400,201:1:400,201:1:400,201:1:400,201:1:400,201:1:400,201:1:400,201:1:400,201:1:400,201:1:400,201:1:400,201:1:400,201:1:400,201:1:400,201:1:400,201:1:400,201:1:400,201:1:400,201:1:400,201:1:400,201:1:400,201:1:400,201:1:400,201:1:400,201:1:400,201:1:400,201:1:400,201:1:400,201:1:400,201:1:400,201:1:400,201:1:400,201:1:400,201:1:400,201:1:400,201:1:400,401:1:600,401:1:600,401:1:600,401:1:600,401:1:600,401:1:600,401:1:600,401:1:600,401:1:600,401:1:600,401:1:600,401:1:600,401:1:600,401:1:600,401:1:600,401:1:600,401:1:600,401:1:600,401:1:600,401:1:600,401:1:600,401:1:600,401:1:600,401:1:600,401:1:600,401:1:600,401:1:600,401:1:600,401:1:600,401:1:600,401:1:600,401:1:600,401:1:600,401:1:600,401:1:600,401:1:600,401:1:600,401:1:600,401:1:600,401:1:600,401:1:600,401:1:600,401:1:600,401:1:600,401:1:600,401:1:600,601:1:800,601:1:800,601:1:800,601:1:800,601:1:800,601:1:800,601:1:800,601:1:800,601:1:800,601:1:800,601:1:800,601:1:800,601:1:800,601:1:800,601:1:800,601:1:800,601:1:800,601:1:800,601:1:800,601:1:800,601:1:800,601:1:800,601:1:800,601:1:800,601:1:800,601:1:800,601:1:800,601:1:800,601:1:800,601:1:800,601:1:800,601:1:800,601:1:800,601:1:800,601:1:800,601:1:800,601:1:800,601:1:800,601:1:800,601:1:800,601:1:800,601:1:800,601:1:800,601:1:800,601:1:800,601:1:800,801:1:1000,801:1:1000,801:1:1000,801:1:1000,801:1:1000,801:1:1000,801:1:1000,801:1:1000,801:1:1000,801:1:1000,801:1:1000,801:1:1000,801:1:1000,801:1:1000,801:1:1000,801:1:1000,801:1:1000,801:1:1000,801:1:1000,801:1:1000,801:1:1000,801:1:1000,801:1:1000,801:1:1000,801:1:1000,801:1:1000,801:1:1000,801:1:1000,801:1:1000,801:1:1000,801:1:1000,801:1:1000,801:1:1000,801:1:1000,801:1:1000,801:1:1000,801:1:1000,801:1:1000,801:1:1000,801:1:1000,801:1:1000,801:1:1000,801:1:1000,801:1:1000,801:1:1000,801:1:1000,1001:1:1200,1001:1:1200,1001:1:1200,1001:1:1200,1001:1:1200,1001:1:1200,1001:1:1200,1001:1:1200,1001:1:1200,1001:1:1200,1001:1:1200,1001:1:1200,1001:1:1200,1001:1:1200,1001:1:1200,1001:1:1200,1001:1:1200,1001:1:1200,1001:1:1200,1001:1:1200,1001:1:1200,1001:1:1200,1001:1:1200,1001:1:1200,1001:1:1200,1001:1:1200,1001:1:1200,1001:1:1200,1001:1:1200,1001:1:1200,1001:1:1200,1001:1:1200,1001:1:1200,1001:1:1200,1001:1:1200,1001:1:1200,1001:1:1200,1001:1:1200,1001:1:1200,1001:1:1200,1001:1:1200,1001:1:1200,1001:1:1200,1001:1:1200,1001:1:1200,1001:1:1200,1201:1:1400,1201:1:1400,1201:1:1400,1201:1:1400,1201:1:1400,1201:1:1400,1201:1:1400,1201:1:1400,1201:1:1400,1201:1:1400,1201:1:1400,1201:1:1400,1201:1:1400,1201:1:1400,1201:1:1400,1201:1:1400,1201:1:1400,1201:1:1400,1201:1:1400,1201:1:1400,1201:1:1400,1201:1:1400,1201:1:1400,1201:1:1400,1201:1:1400,1201:1:1400,1201:1:1400,1201:1:1400,1201:1:1400,1201:1:1400,1201:1:1400,1201:1:1400,1201:1:1400,1201:1:1400,1201:1:1400,1201:1:1400,1201:1:1400,1201:1:1400,1201:1:1400,1201:1:1400,1201:1:1400,1201:1:1400,1201:1:1400,1201:1:1400,1201:1:1400,1201:1:1400,1401:1:1600,1401:1:1600,1401:1:1600,1401:1:1600,1401:1:1600,1401:1:1600,1401:1:1600,1401:1:1600,1401:1:1600,1401:1:1600,1401:1:1600,1401:1:1600,1401:1:1600,1401:1:1600,1401:1:1600,1401:1:1600,1401:1:1600,1401:1:1600,1401:1:1600,1401:1:1600,1401:1:1600,1401:1:1600,1401:1:1600,1401:1:1600,1401:1:1600,1401:1:1600,1401:1:1600,1401:1:1600,1401:1:1600,1401:1:1600,1401:1:1600,1401:1:1600,1401:1:1600,1401:1:1600,1401:1:1600,1401:1:1600,1401:1:1600,1401:1:1600,1401:1:1600,1401:1:1600,1401:1:1600,1401:1:1600,1401:1:1600,1401:1:1600,1401:1:1600,1401:1:1600,1601:1:1800,1601:1:1800,1601:1:1800,1601:1:1800,1601:1:1800,1601:1:1800,1601:1:1800,1601:1:1800,1601:1:1800,1601:1:1800,1601:1:1800,1601:1:1800,1601:1:1800,1601:1:1800,1601:1:1800,1601:1:1800,1601:1:1800,1601:1:1800,1601:1:1800,1601:1:1800,1601:1:1800,1601:1:1800,1601:1:1800,1601:1:1800,1601:1:1800,1601:1:1800,1601:1:1800,1601:1:1800,1601:1:1800,1601:1:1800,1601:1:1800,1601:1:1800,1601:1:1800,1601:1:1800,1601:1:1800,1601:1:1800,1601:1:1800,1601:1:1800,1601:1:1800,1601:1:1800,1601:1:1800,1601:1:1800,1601:1:1800,1601:1:1800,1601:1:1800,1601:1:1800,1801:1:2000,1801:1:2000,1801:1:2000,1801:1:2000,1801:1:2000,1801:1:2000,1801:1:2000,1801:1:2000,1801:1:2000,1801:1:2000,1801:1:2000,1801:1:2000,1801:1:2000,1801:1:2000,1801:1:2000,1801:1:2000,1801:1:2000,1801:1:2000,1801:1:2000,1801:1:2000,1801:1:2000,1801:1:2000,1801:1:2000,1801:1:2000,1801:1:2000,1801:1:2000,1801:1:2000,1801:1:2000,1801:1:2000,1801:1:2000,1801:1:2000,1801:1:2000,1801:1:2000,1801:1:2000,1801:1:2000,1801:1:2000,1801:1:2000,1801:1:2000,1801:1:2000,1801:1:2000,1801:1:2000,1801:1:2000,1801:1:2000,1801:1:2000,1801:1:2000,1801:1:2000,2001:1:2200,2001:1:2200,2001:1:2200,2001:1:2200,2001:1:2200,2001:1:2200,2001:1:2200,2001:1:2200,2001:1:2200,2001:1:2200,2001:1:2200,2001:1:2200,2001:1:2200,2001:1:2200,2001:1:2200,2001:1:2200,2001:1:2200,2001:1:2200,2001:1:2200,2001:1:2200,2001:1:2200,2001:1:2200,2001:1:2200,2001:1:2200,2001:1:2200,2001:1:2200,2001:1:2200,2001:1:2200,2001:1:2200,2001:1:2200,2001:1:2200,2001:1:2200,2001:1:2200,2001:1:2200,2001:1:2200,2001:1:2200,2001:1:2200,2001:1:2200,2001:1:2200,2001:1:2200,2001:1:2200,2001:1:2200,2001:1:2200,2001:1:2200,2001:1:2200,2001:1:2200,2201:1:2400,2201:1:2400,2201:1:2400,2201:1:2400,2201:1:2400,2201:1:2400,2201:1:2400,2201:1:2400,2201:1:2400,2201:1:2400,2201:1:2400,2201:1:2400,2201:1:2400,2201:1:2400,2201:1:2400,2201:1:2400,2201:1:2400,2201:1:2400,2201:1:2400,2201:1:2400,2201:1:2400,2201:1:2400,2201:1:2400,2201:1:2400,2201:1:2400,2201:1:2400,2201:1:2400,2201:1:2400,2201:1:2400,2201:1:2400,2201:1:2400,2201:1:2400,2201:1:2400,2201:1:2400,2201:1:2400,2201:1:2400,2201:1:2400,2201:1:2400,2201:1:2400,2201:1:2400,2201:1:2400,2201:1:2400,2201:1:2400,2201:1:2400,2201:1:2400,2201:1:2400,2401:1:2600,2401:1:2600,2401:1:2600,2401:1:2600,2401:1:2600,2401:1:2600,2401:1:2600,2401:1:2600,2401:1:2600,2401:1:2600,2401:1:2600,2401:1:2600,2401:1:2600,2401:1:2600,2401:1:2600,2401:1:2600,2401:1:2600,2401:1:2600,2401:1:2600,2401:1:2600,2401:1:2600,2401:1:2600,2401:1:2600,2401:1:2600,2401:1:2600,2401:1:2600,2401:1:2600,2401:1:2600,2401:1:2600,2401:1:2600,2401:1:2600,2401:1:2600,2401:1:2600,2401:1:2600,2401:1:2600,2401:1:2600,2401:1:2600,2401:1:2600,2401:1:2600,2401:1:2600,2401:1:2600,2401:1:2600,2401:1:2600,2401:1:2600,2401:1:2600,2401:1:2600,2601:1:2800,2601:1:2800,2601:1:2800,2601:1:2800,2601:1:2800,2601:1:2800,2601:1:2800,2601:1:2800,2601:1:2800,2601:1:2800,2601:1:2800,2601:1:2800,2601:1:2800,2601:1:2800,2601:1:2800,2601:1:2800,2601:1:2800,2601:1:2800,2601:1:2800,2601:1:2800,2601:1:2800,2601:1:2800,2601:1:2800,2601:1:2800,2601:1:2800,2601:1:2800,2601:1:2800,2601:1:2800,2601:1:2800,2601:1:2800,2601:1:2800,2601:1:2800,2601:1:2800,2601:1:2800,2601:1:2800,2601:1:2800,2601:1:2800,2601:1:2800,2601:1:2800,2601:1:2800,2601:1:2800,2601:1:2800,2601:1:2800,2601:1:2800,2601:1:2800,2601:1:2800,2801:1:3000,2801:1:3000,2801:1:3000,2801:1:3000,2801:1:3000,2801:1:3000,2801:1:3000,2801:1:3000,2801:1:3000,2801:1:3000,2801:1:3000,2801:1:3000,2801:1:3000,2801:1:3000,2801:1:3000,2801:1:3000,2801:1:3000,2801:1:3000,2801:1:3000,2801:1:3000,2801:1:3000,2801:1:3000,2801:1:3000,2801:1:3000,2801:1:3000,2801:1:3000,2801:1:3000,2801:1:3000,2801:1:3000,2801:1:3000,2801:1:3000,2801:1:3000,2801:1:3000,2801:1:3000,2801:1:3000,2801:1:3000,2801:1:3000,2801:1:3000,2801:1:3000,2801:1:3000,2801:1:3000,2801:1:3000,2801:1:3000,2801:1:3000,2801:1:3000,2801:1:3000,3001:1:3200,3001:1:3200,