function [c] = ipoptConstraints(var)
%IPOPTCONSTRAINTS
%
% Auto-generated by COALESCE package (09-Jan-2019 14:20:20)
%
% Copyright 2013-2014 Mikhail S. Jones

	c(602,1) = 0; % Pre-allocation
	c(1:200) = (var(602:1:801)-(var(2:1:201)-1.6299999999999999));
	c(201:399) = ((var(203:1:401)-var(202:1:400))-(((var(1)./199.0).*(var(402:1:600)+var(403:1:601)))./2.0));
	c(400:598) = ((var(403:1:601)-var(402:1:600))-(((var(1)./199.0).*(var(602:1:800)+var(603:1:801)))./2.0));
	c(599) = var(202);
	c(600) = var(402);
	c(601) = var(401);
	c(602) = var(601);
end % ipoptConstraints